nL_edge: 8
nW_edge: 1
length: 0.1
width: 0.01
thickness: 0.002
E: 10000000.0
rho: 1000
A: 2e-05
I: 6.666666666666667e-12
EA: 200.00000000000003
EI: 6.666666666666667e-05
total_mass: 0.002
N: 20
q: -0.1962
