N: 50
nTurns: 5
wire_dia: 0.002
helix_dia: 0.05
p: 0.002
L_turn: 0.15709236455895428
L: 0.7854618227947714
E: 10000000.0
rho: 7850
v_poisson: 0.5
A: 3.141592653589793e-06
I: 7.853981633974485e-13
J: 1.570796326794897e-12
G: 3333333.3333333335
EA: 31.415926535897928
EI: 7.853981633974485e-06
GJ: 1.570796326794897e-05
m: 0.019370668573513317
f_char: 1.2730331683712666e-05
L_axial: 0.7854618227947714
